173 15
305 0
187 6
115 8
437 0
438 4
351 14
117 10
29 2
24 6
28 18
443 15
374 18
190 0
119 9
213 15
474 0
469 14
359 3
346 15
435 1
412 11
371 3
185 2
227 0
257 5
234 12
16 16
306 11
345 3
289 13
269 16
467 9
32 8
164 3
383 16
427 19
390 10
36 16
469 9
403 5
158 13
410 3
111 13
421 8
183 16
130 16
35 14
331 7
365 4
169 7
61 14
354 8
276 6
271 17
58 15
80 1
49 7
232 16
388 9
490 17
70 15
290 1
171 5
235 18
101 16
477 2
485 14
114 6
222 5
162 3
363 19
391 4
168 18
312 18
489 1
358 17
483 8
490 1
413 8
438 14
349 7
10 4
453 11
119 2
467 9
26 14
96 6
404 6
172 10
83 6
492 5
317 6
38 19
224 7
314 16
77 10
458 17
411 18
148 14
