1318 50
814 80
1075 108
936 80
1790 94
952 97
1470 63
1484 127
1463 79
830 102
1725 84
1553 128
1696 62
1703 79
1590 73
831 116
1767 79
1948 89
1970 119
961 65
1788 110
1945 74
1560 80
1123 92
1858 67
1674 113
902 81
1762 65
1198 96
1326 72
936 79
1199 70
1557 79
1591 52
814 91
1788 110
802 70
887 65
826 96
860 50
1037 116
1797 56
1935 129
1927 87
1700 51
981 58
1219 77
1299 60
869 118
1459 99
1949 125
891 58
1281 122
1768 74
1687 82
1948 116
1515 86
1378 109
1676 73
1362 54
1239 92
1056 119
1114 56
1455 56
923 88
1171 108
1745 112
1348 122
1392 93
1151 105
1922 59
1350 119
1409 109
1591 86
833 108
1594 84
922 127
1171 85
1747 52
1704 63
1242 72
1117 50
1312 56
1211 66
1233 53
1935 114
913 94
1118 95
1810 76
1174 118
802 111
1312 67
1377 64
1074 119
1601 67
1489 101
1670 108
1603 121
1261 74
1858 101
