592 66
1180 47
472 64
1065 32
670 32
901 23
451 23
1052 53
414 53
963 65
1090 60
801 68
1083 62
1163 66
1079 41
1134 51
1090 68
421 49
778 37
875 20
962 20
1002 49
801 31
754 58
458 67
1093 53
934 20
1135 69
717 55
787 31
1028 38
928 33
961 38
514 31
842 25
917 21
1147 21
1141 21
581 59
496 31
1012 20
541 26
873 52
870 63
775 54
1057 20
425 52
701 56
976 46
631 60
858 23
1195 55
557 32
456 55
436 50
988 43
896 48
1039 28
880 47
1164 40
715 45
1178 55
1002 25
777 21
787 34
583 38
928 61
946 69
573 54
520 61
912 39
986 61
852 24
1055 35
894 38
964 53
928 46
450 23
843 40
552 43
783 53
1047 37
670 60
1197 24
719 68
920 24
1183 45
620 21
977 22
688 21
694 36
499 28
744 50
764 54
560 38
607 60
903 47
715 68
986 21
672 55
