299 13
384 6
3 13
281 1
290 19
448 8
140 9
20 0
317 19
45 15
389 6
311 10
388 13
123 10
484 12
453 9
467 2
380 0
437 2
90 4
27 18
452 1
306 1
258 11
115 16
347 4
302 4
459 16
44 10
94 13
257 15
494 10
56 19
209 14
91 2
253 13
389 15
498 8
244 17
62 15
475 14
20 4
482 3
14 10
466 2
176 16
426 4
198 16
488 16
472 9
337 12
93 17
312 4
74 16
112 16
372 10
389 15
328 11
60 18
336 13
466 2
439 6
294 11
79 13
52 14
291 12
83 9
119 4
424 14
20 17
113 19
337 9
432 6
472 8
375 10
211 1
362 16
358 4
381 15
325 11
252 19
455 16
122 9
247 10
64 14
168 0
147 9
212 15
337 7
318 11
98 10
164 2
440 14
268 13
424 13
67 0
204 17
161 16
272 7
468 3
