1744 89
887 103
1629 122
1015 72
1374 53
1772 117
1429 121
1142 117
1775 63
1143 89
1997 92
838 113
1020 51
1487 59
1360 75
1911 57
1760 55
1406 109
890 104
1325 52
807 108
1839 77
1545 128
908 69
1745 58
1424 96
1870 76
1131 85
815 101
945 118
1290 90
1985 91
1701 108
1587 58
1841 118
1275 117
1766 54
1690 81
1273 53
1011 78
1563 69
1579 103
1259 70
1338 104
1036 100
1934 55
1889 81
846 97
1300 59
1228 114
1574 121
1924 95
1936 87
1217 52
1817 108
1007 117
1168 100
1131 99
1113 63
1110 62
1077 85
1656 113
1817 116
1602 111
1649 119
1852 103
941 85
1292 86
1001 52
1624 74
1579 104
1059 63
870 91
803 88
1339 58
1268 91
1199 74
1589 121
1543 70
1791 88
1823 70
1238 79
1963 61
1128 110
805 95
1043 88
1237 109
1219 78
1375 95
1785 73
1413 76
1783 115
1693 57
1847 98
878 124
1548 50
1652 123
912 78
1875 118
1292 91
