1130 23
454 22
591 57
854 44
1148 30
651 30
666 67
834 24
1145 31
627 59
1157 34
634 60
727 51
499 52
744 30
414 21
672 27
1187 32
652 29
943 33
557 48
892 47
973 63
974 39
749 39
410 53
1178 51
929 22
607 41
730 27
723 26
782 68
1074 48
477 59
586 48
574 37
908 35
1027 61
962 20
923 60
1088 22
721 40
1043 60
497 52
662 29
587 36
515 66
528 37
454 68
697 21
1197 48
904 62
572 49
1190 24
1118 57
811 41
469 63
411 45
562 28
1166 46
928 51
456 51
763 45
455 56
414 26
892 49
506 32
880 26
866 21
615 69
1123 40
514 38
1010 68
926 41
1053 26
410 22
515 29
951 45
415 37
888 43
735 34
1000 58
436 29
474 35
418 61
1068 63
951 69
517 43
505 37
1181 44
759 40
764 39
705 60
410 64
436 61
838 68
1069 64
1154 37
1023 29
1195 55
