290 1
484 0
85 18
134 10
142 7
180 17
161 12
201 1
54 13
214 0
305 6
232 13
231 11
119 9
123 15
397 3
129 12
355 11
210 1
428 0
109 4
128 15
79 9
293 3
470 5
286 4
96 17
149 5
238 5
47 1
292 3
177 11
253 13
86 1
183 8
400 3
478 5
405 10
384 2
484 3
70 6
496 14
7 0
457 16
234 9
413 9
11 14
59 7
225 6
344 4
83 14
186 3
197 10
26 6
426 0
393 16
76 15
15 6
360 14
305 17
117 0
122 15
8 19
64 15
482 17
161 15
66 15
73 19
433 3
295 19
416 6
244 3
394 13
68 1
255 0
28 5
424 15
308 0
220 19
255 18
417 15
233 13
477 8
338 3
204 7
60 1
51 4
23 16
302 8
429 1
175 16
71 7
3 13
93 4
487 1
78 9
464 0
233 8
371 8
176 17
