49 7
326 1
262 14
371 19
156 9
64 12
149 3
8 16
267 11
320 15
30 18
377 2
437 7
313 9
467 19
215 15
198 12
401 12
462 17
374 13
428 15
314 3
487 19
117 14
493 17
221 5
468 13
255 16
251 0
289 6
383 6
411 17
71 7
424 10
247 16
229 18
410 5
84 11
495 5
279 16
274 2
351 2
173 6
344 12
405 11
7 14
176 0
479 4
472 12
371 1
485 0
377 5
278 17
323 4
329 4
142 6
354 15
212 8
497 10
107 7
443 2
405 9
168 17
371 1
442 19
90 16
265 17
436 6
70 12
447 14
417 17
454 16
95 13
277 1
320 8
377 8
88 6
69 15
157 10
477 8
117 19
100 8
469 17
120 7
157 15
64 14
384 3
144 17
432 6
177 19
415 16
268 1
185 16
31 9
322 2
387 17
332 10
66 19
422 2
369 14
