1879 84
1425 101
1940 95
1782 87
963 105
1033 57
1793 115
1577 72
1595 58
1757 69
1993 108
1992 76
1556 71
1099 50
1657 96
1253 58
1621 61
1814 84
848 80
1473 68
1686 96
1615 74
1696 85
1664 99
1778 64
1757 124
1773 69
1177 126
1892 118
1622 106
1788 61
1827 113
1997 117
1683 81
949 85
1849 88
1564 75
1615 118
1250 81
1654 67
1476 79
1848 122
829 125
1577 129
1497 66
1628 54
1717 110
1106 87
1570 96
1517 126
1769 117
898 103
984 94
1629 128
1498 60
1887 60
1957 75
1874 51
845 88
989 106
1062 112
898 122
1031 55
1861 112
1593 66
1080 113
1806 113
1185 55
959 124
1437 108
1902 105
909 65
1786 119
831 60
1297 59
1384 93
1808 116
1293 107
837 109
1984 95
1637 110
1671 108
1706 111
1353 74
1940 59
1122 62
1521 93
1014 103
1767 57
946 56
1773 57
894 109
1418 66
1342 108
1637 83
1400 89
1467 74
1536 69
1520 115
990 116
