1362 53
892 65
1883 68
1517 107
893 106
1321 87
1137 118
1503 84
1693 101
1262 127
1231 89
940 52
1138 53
1472 66
1424 100
1757 103
1989 74
1468 123
1675 51
1957 121
1319 71
1545 88
1712 63
1758 104
1927 97
1368 119
1543 102
1441 115
1387 61
1237 122
1958 57
828 77
883 85
820 99
1369 56
1163 90
1914 51
1062 56
953 88
1809 95
1718 100
1988 95
1064 93
1870 70
1414 103
800 98
993 79
1800 119
1361 123
1112 60
906 121
1011 128
1306 51
916 58
1090 100
1051 94
1119 101
1093 59
1125 96
1223 65
823 118
1782 128
1237 124
1846 59
1874 127
1020 60
1264 120
1986 81
1259 75
856 52
1743 89
1921 72
1558 70
1473 79
1746 69
1584 56
1347 111
1547 118
1942 66
1928 60
1835 118
1508 101
817 91
1228 128
1440 62
1140 120
1266 122
1302 65
1135 75
1274 126
1123 79
1998 112
862 101
1587 121
953 103
1381 127
1568 51
1892 60
1696 116
1363 129
