883 57
867 60
920 31
815 36
745 41
768 33
708 37
685 46
1124 61
773 39
835 45
1066 30
810 62
780 42
662 23
643 67
521 58
871 61
586 35
623 25
729 60
869 62
1011 61
995 28
543 51
812 39
435 28
521 32
742 26
1182 56
882 63
1064 34
901 57
1174 56
933 31
833 40
541 24
586 51
1193 30
910 24
730 66
1032 43
582 45
1187 56
1007 35
666 29
558 39
655 45
1180 43
868 28
1085 23
633 33
521 57
1058 42
1112 57
548 23
650 59
589 30
432 47
1165 47
410 36
820 64
1182 30
1002 40
673 30
805 65
870 21
778 67
433 30
1187 29
630 20
601 42
450 35
686 67
581 58
442 41
507 34
577 31
1014 21
1133 30
746 37
876 42
404 68
904 65
648 31
479 53
1173 45
768 20
983 35
1025 63
1177 35
1055 29
549 46
658 22
682 34
1196 30
713 20
1039 35
732 56
776 57
