931 27
778 44
908 31
920 68
1162 58
767 51
674 42
1036 20
1125 63
1185 57
938 44
1126 59
662 68
733 56
574 20
563 24
707 44
562 51
861 59
1044 53
883 57
467 51
1189 58
635 46
781 28
704 40
730 22
972 57
540 41
1169 68
446 40
700 66
940 49
490 34
566 29
597 66
621 42
775 23
971 59
752 37
783 58
946 43
773 53
920 63
612 62
1159 55
1009 53
557 48
866 60
470 57
412 58
958 34
669 24
416 23
758 48
589 34
1072 55
633 27
656 36
911 32
501 23
996 38
957 50
585 67
680 23
762 50
628 33
595 20
711 60
419 37
459 50
984 42
916 57
410 36
893 48
724 67
1073 20
652 24
613 41
820 49
738 42
441 50
480 62
505 28
1006 29
402 27
1039 28
437 57
830 28
920 44
1010 68
1195 23
444 26
579 55
909 69
914 60
405 47
568 32
486 52
531 34
