353 11
155 14
45 13
253 8
467 8
1 12
406 7
288 5
30 2
35 14
393 11
299 3
90 15
172 1
345 14
390 18
164 14
404 13
89 0
281 1
480 13
196 11
155 11
279 17
497 13
288 10
73 1
313 8
290 5
463 1
417 1
322 19
333 2
51 18
182 5
178 13
64 19
190 12
135 2
132 0
25 14
121 2
216 18
161 11
303 10
329 1
497 4
480 10
473 15
18 9
36 11
197 15
260 12
426 0
333 19
113 0
22 19
268 17
223 6
470 17
311 3
371 2
217 16
192 10
240 16
227 10
336 2
61 3
227 10
356 7
157 2
346 18
232 2
251 9
29 1
1 13
76 3
486 1
130 3
220 0
218 2
229 10
217 19
96 6
63 2
336 10
404 12
24 5
451 12
1 9
318 4
277 8
31 12
69 8
288 4
86 0
43 5
36 15
360 17
103 0
