1105 71
1767 126
923 97
971 76
1319 107
1301 122
1560 51
1914 89
1030 106
1209 94
1857 116
1637 55
978 121
1344 108
1951 104
1749 128
1707 75
1218 70
1208 70
1584 112
874 73
1345 50
1113 69
869 101
1202 59
1257 88
1915 128
1389 81
1489 125
1311 65
1856 114
1769 102
1870 122
1668 90
1732 90
856 56
1274 68
1649 78
1950 72
1919 94
1505 105
1098 111
1246 125
880 113
1832 95
1261 110
1694 63
1926 107
1166 88
994 62
1716 82
901 89
1564 94
1514 84
1580 127
1260 105
1239 88
1025 89
1439 80
1924 124
1962 50
1085 102
1808 113
1791 116
1838 73
1438 70
954 129
1771 119
1396 124
1582 55
1205 62
1471 122
1943 76
1025 89
1393 76
1723 86
1757 92
1251 124
1799 126
1513 117
1732 129
878 102
1085 59
1360 101
1207 98
1667 59
1376 58
1981 83
1879 104
1693 98
904 85
1945 97
1540 111
1924 118
1321 105
1480 113
1539 51
1269 82
1038 52
1910 72
