1095 36
751 69
913 48
923 54
1055 43
1034 36
1187 62
523 67
1068 54
404 58
769 68
682 33
666 27
1136 44
1084 20
1001 36
430 34
1195 28
764 28
898 60
424 53
478 36
1127 27
795 55
1087 56
1131 44
411 33
802 67
873 34
605 53
401 48
911 24
1106 37
458 61
602 66
519 47
417 61
754 24
739 48
500 27
1048 66
446 32
626 54
848 42
851 23
739 21
456 30
505 23
869 50
447 39
606 41
731 41
448 45
408 38
1098 20
716 63
1035 57
546 66
729 29
904 41
939 33
663 38
1044 39
410 43
605 61
446 49
1181 34
789 37
567 39
742 60
784 31
692 61
524 45
937 62
452 69
800 58
838 42
588 30
618 69
967 65
620 30
443 34
746 35
1063 68
635 23
1167 60
1098 61
611 46
719 26
809 58
520 39
1129 59
473 38
438 41
701 45
788 36
711 48
586 31
506 68
806 61
