314 15
63 3
405 16
210 9
53 12
189 17
84 3
141 9
193 19
209 13
367 19
446 2
177 4
9 15
99 11
447 4
70 2
151 18
432 13
284 17
471 1
165 11
188 19
32 2
216 8
27 17
483 18
374 17
109 7
125 13
194 17
261 5
153 13
136 16
250 18
118 0
158 6
247 8
28 5
134 16
85 18
424 18
160 14
391 9
212 8
398 18
464 3
106 12
74 11
173 5
283 10
491 11
267 0
339 13
96 7
142 17
438 1
31 8
142 0
9 2
203 12
286 8
15 11
121 5
39 5
372 4
147 15
380 8
13 11
225 1
12 15
441 19
105 7
110 2
341 16
477 13
486 18
239 5
65 6
238 5
445 6
19 18
395 16
128 1
337 17
249 10
317 3
297 6
58 1
407 17
170 7
238 9
305 10
475 10
117 5
106 19
71 3
428 19
50 1
495 9
