1328 109
911 127
1055 114
1738 103
1896 112
1802 104
1714 97
843 118
1483 127
1536 126
1557 78
1907 104
1789 118
841 57
1370 78
848 52
1119 52
1895 96
1292 89
1899 101
1911 57
1914 112
1859 120
998 86
1514 88
1944 53
1293 55
1629 86
996 117
962 111
1268 84
1079 85
1708 56
1443 78
1499 125
1557 117
883 104
1153 102
1106 118
1807 89
1587 112
1404 59
1136 112
1323 56
1153 126
1548 54
1094 115
1303 122
1884 110
1734 125
1584 52
1180 73
1854 66
1397 94
1828 127
1787 114
968 125
1986 84
1362 126
1953 129
1927 98
909 112
1636 126
1188 104
1539 57
1907 129
1629 81
932 87
1036 123
1368 107
1580 118
1549 53
1469 128
1212 84
1655 115
1010 53
987 104
1288 50
1474 91
1745 129
1429 78
1375 126
1463 56
1811 67
1123 118
1247 51
1917 113
1834 118
1432 128
1663 110
1716 100
914 105
1937 65
1329 63
1732 93
1586 75
1141 81
1102 87
1331 92
986 79
