827 31
927 22
745 39
870 20
714 27
408 53
980 35
845 68
959 60
1027 44
883 68
408 55
1106 26
449 37
1119 46
1066 21
714 55
587 38
1146 23
642 61
1173 29
723 52
591 28
441 55
780 49
551 22
852 61
960 47
1010 20
687 64
1160 67
772 45
1139 65
908 42
567 67
1100 56
775 30
1017 51
1139 42
822 49
654 60
971 57
602 33
1055 24
1011 55
562 45
1013 28
634 53
938 30
1176 48
692 63
533 28
435 39
574 27
596 25
1081 42
791 54
771 66
1019 23
968 61
1096 62
510 45
920 69
831 32
674 32
417 46
645 21
723 31
750 33
502 24
454 51
1174 34
731 32
579 33
1194 45
688 21
581 53
871 22
1158 52
1063 69
432 46
1084 67
446 68
794 23
1036 51
1173 40
766 58
671 62
880 27
1055 40
634 20
1130 56
928 43
1025 50
1172 39
455 41
680 25
861 50
980 41
732 34
