422 4
312 1
214 16
93 5
108 8
239 10
339 4
395 19
208 3
79 12
117 17
350 6
423 15
143 16
103 7
271 4
207 16
232 7
198 7
15 15
193 7
119 0
338 4
144 15
495 2
199 12
19 6
297 2
221 5
105 19
126 13
460 18
250 6
380 1
123 1
477 14
22 18
109 14
154 11
466 8
299 5
349 13
492 3
186 12
258 17
23 17
489 16
108 3
432 11
289 2
132 7
166 17
7 16
468 9
16 15
364 3
339 12
370 3
347 1
104 8
147 18
49 14
339 17
441 16
156 1
179 15
231 2
410 8
286 5
81 4
144 18
30 14
64 3
58 19
406 16
15 11
78 8
463 17
118 15
264 3
287 19
318 4
43 5
309 14
210 17
372 0
346 1
372 7
169 19
44 1
8 19
175 3
107 4
404 14
284 15
214 1
215 18
477 15
39 11
492 1
