989 119
1483 101
1681 72
1218 100
1949 97
1522 58
1939 78
1126 97
1157 95
1429 127
1149 113
1077 88
1450 71
826 112
1687 71
1998 125
1513 113
1278 59
1878 90
1807 105
1884 119
1196 96
1589 69
1581 116
1461 85
805 83
941 52
1032 107
944 105
1031 120
1774 88
1498 107
1746 84
1529 86
1061 128
1110 51
1326 118
842 101
1287 129
1259 70
1324 101
806 63
1506 111
1823 54
1425 86
1187 113
1440 129
1174 90
1036 50
1117 91
1236 80
1754 72
1012 114
1504 59
828 103
1362 107
1149 99
1356 70
943 68
989 93
945 99
976 79
1871 53
1589 77
1305 65
1505 61
1222 124
1247 90
1476 128
1953 121
1930 91
1927 102
892 84
1658 125
1818 120
1894 100
1526 66
1858 117
1855 74
1277 122
1295 116
1031 81
1726 57
1961 127
1201 51
818 129
1507 81
927 93
1518 106
1125 71
1861 127
1566 95
1905 105
1455 104
1766 50
1762 68
1362 127
1060 59
1681 123
1756 58
