976 22
1064 54
874 24
1042 32
567 25
737 58
888 54
1105 27
1148 52
960 32
919 62
1086 59
1179 32
528 23
853 25
865 54
1158 29
646 33
412 64
1036 45
845 50
705 28
816 47
635 48
984 26
521 65
621 52
1044 47
1192 22
1105 24
1099 56
966 51
476 61
726 37
860 28
491 28
743 38
1119 61
586 65
967 36
412 44
1117 36
955 45
1032 51
676 20
778 52
1007 64
518 32
740 65
716 61
990 27
1154 67
602 55
624 40
891 53
744 67
606 30
1041 44
693 31
527 47
1187 20
1104 24
883 40
597 37
981 28
731 69
725 36
485 24
1081 30
488 22
1048 27
690 55
978 60
600 48
943 68
443 43
888 45
406 40
492 32
1031 26
512 68
1015 54
983 60
808 29
857 34
474 20
531 55
409 54
1195 59
1191 27
637 27
482 62
1111 32
657 49
430 24
528 43
1083 57
1174 44
662 26
479 20
