310 6
407 5
359 13
297 16
2 11
337 11
470 9
392 18
26 7
35 9
323 18
98 6
159 9
60 15
3 15
254 17
402 4
239 13
237 14
390 13
287 5
180 10
74 12
327 17
185 15
228 5
197 2
376 6
287 14
344 8
192 19
346 14
124 18
417 4
188 6
206 8
375 11
263 18
388 18
293 16
494 16
153 14
159 6
431 6
111 10
9 3
341 8
60 12
458 8
294 12
46 4
73 1
372 5
241 11
462 4
255 11
359 7
34 13
329 6
263 10
267 8
117 10
119 3
400 3
42 1
305 0
253 19
48 13
464 16
50 0
422 8
350 0
84 8
316 14
62 6
356 7
72 9
201 4
118 18
438 12
392 14
311 15
413 9
121 8
103 12
403 15
61 4
44 9
31 2
450 17
363 15
310 0
373 13
328 0
162 3
42 15
246 6
195 15
80 10
157 5
