1375 101
1575 113
913 93
1186 121
1135 111
1030 88
1122 98
915 56
917 66
1644 58
1592 57
1010 124
1235 105
1826 71
984 57
1845 55
1521 57
886 103
1289 99
1664 89
1511 80
1317 112
1428 116
987 90
1021 120
1872 77
1125 82
1295 108
1842 83
1531 85
1991 77
1848 123
850 94
1785 108
1852 125
1267 62
942 112
1297 58
1715 72
1969 69
1560 57
1068 55
1983 74
1074 90
1603 53
1555 97
1510 124
1643 82
1862 89
1557 114
1167 95
1984 91
1226 50
1743 108
1906 128
1833 93
1239 91
1649 126
1596 84
1393 59
1274 53
1983 62
1640 74
1698 81
994 93
1725 110
1302 61
1305 53
990 91
1218 89
1511 129
1240 87
944 95
1125 84
1102 51
1854 114
1756 84
1667 95
1136 124
1792 75
985 111
1414 115
1156 124
1476 95
1742 127
1806 116
1604 128
1440 102
1302 76
1756 94
1514 125
1887 84
1692 121
1361 74
1203 52
1051 52
1391 99
1907 55
1647 126
963 61
