827 47
744 69
806 33
963 36
1014 60
861 28
876 30
645 47
986 63
955 58
1074 57
920 60
698 58
650 58
540 48
732 30
1082 60
436 67
1023 24
693 26
1168 57
901 63
1121 37
681 43
836 66
1005 44
636 20
832 47
879 66
1051 65
922 50
514 55
479 50
419 54
730 44
668 23
753 36
1017 21
457 20
475 49
469 44
852 62
426 24
718 36
1134 66
587 50
622 33
999 27
623 67
794 53
1084 28
986 20
510 59
670 64
906 61
861 40
883 36
1172 62
673 61
934 20
698 67
510 59
508 34
432 40
940 44
1021 66
649 49
981 68
666 22
759 31
1126 56
948 33
770 45
594 63
740 66
652 43
919 58
598 68
903 47
1023 41
1052 50
655 24
1188 66
400 64
521 26
905 35
962 28
740 47
964 33
625 27
601 46
836 46
681 44
506 23
1141 26
1017 46
963 58
949 31
467 52
1134 55
