295 13
378 5
216 3
185 17
55 8
310 7
266 19
294 1
299 1
307 12
340 19
191 8
383 8
480 17
212 18
350 18
464 1
290 12
316 19
398 14
52 14
486 4
230 4
481 2
152 10
310 7
373 9
134 7
248 13
315 3
422 15
0 8
342 3
240 3
156 7
221 11
391 0
169 16
444 15
331 13
215 19
32 19
353 5
218 17
433 4
203 3
312 9
19 10
28 8
327 9
100 9
386 7
62 1
374 17
232 0
84 19
173 4
317 19
399 13
265 11
444 9
235 9
322 18
223 16
214 19
392 13
90 16
329 8
443 18
54 17
181 11
220 19
412 14
303 1
377 4
401 8
244 8
231 1
84 12
320 3
497 1
222 0
216 8
30 18
326 7
468 17
56 13
455 10
95 1
347 19
213 10
348 12
478 8
388 2
306 10
66 14
431 14
74 7
167 13
321 13
