1233 110
1978 95
800 71
1990 72
838 89
1487 81
1214 71
1603 103
819 115
1380 54
1631 124
1771 56
1905 68
1642 90
1901 92
1610 124
1822 126
1587 52
1559 55
1418 128
1047 79
1252 86
1370 86
1689 74
1084 61
1092 92
1880 78
1447 122
1151 89
1115 105
1204 93
1732 60
884 127
963 95
1908 105
1350 67
1154 82
810 117
1053 54
1361 109
1121 50
1742 64
1626 126
1868 99
1562 55
895 125
1445 104
1090 55
937 100
1839 82
1324 51
1854 69
1438 55
1077 66
957 121
1165 100
1846 69
1973 87
1001 95
1295 52
1958 80
841 104
852 65
950 64
1937 50
1611 50
1651 56
1334 107
1932 97
1816 129
1868 53
1651 84
1536 123
1166 54
953 116
1653 99
1896 89
1741 111
1781 124
1606 107
1310 61
1514 68
828 60
1506 104
834 69
807 101
1615 109
1285 128
1170 119
1644 111
1069 116
896 84
1779 53
1857 102
939 78
981 77
998 88
1280 106
1629 99
822 97
