965 46
777 64
733 62
822 49
687 49
995 68
584 47
1032 52
1167 50
826 46
475 32
594 44
1182 33
843 68
639 33
458 40
742 22
536 38
1168 32
555 36
738 45
771 26
794 44
688 63
896 65
400 53
732 59
1142 22
1058 41
966 62
616 55
1149 65
568 36
1038 24
416 60
711 50
423 40
530 37
1178 55
919 24
1125 32
607 69
829 27
1043 69
633 30
1155 45
417 28
610 58
831 43
1039 51
914 30
750 21
514 27
949 43
845 42
899 46
1152 49
554 20
1089 58
781 24
777 69
773 49
879 23
926 46
896 38
926 43
1002 30
741 55
1047 20
879 66
696 56
1047 45
535 62
1174 41
846 67
585 43
949 47
496 30
470 36
1075 54
1054 69
735 25
1196 61
1134 68
1195 64
581 58
860 23
918 34
781 26
710 50
614 62
649 23
514 42
457 39
570 20
870 62
605 36
759 22
1116 37
815 54
