311 9
476 0
485 2
121 14
78 16
254 19
408 6
86 15
272 13
96 7
106 9
162 15
386 14
31 7
478 17
439 10
201 3
242 0
430 2
390 1
142 2
29 11
96 2
347 5
351 11
336 6
120 4
318 5
208 8
370 3
349 5
106 15
125 10
200 3
185 4
406 19
384 2
322 19
99 14
104 11
106 9
430 11
464 14
476 17
212 4
258 9
284 7
135 4
107 4
459 6
320 12
497 6
451 14
80 8
499 7
457 10
13 11
319 4
351 6
306 7
494 9
164 10
83 2
174 7
152 12
319 16
176 0
376 9
92 5
48 14
182 6
363 2
332 18
423 12
397 7
14 15
77 3
27 13
194 7
319 1
187 18
368 9
181 14
234 11
445 0
410 16
34 6
80 16
140 5
445 17
494 12
311 6
177 11
469 15
129 7
202 3
261 2
329 11
315 15
231 10
