1763 95
1576 85
933 128
1529 112
905 54
1354 106
1985 72
1201 83
1184 84
1371 84
1857 99
985 56
1588 119
1944 71
1445 129
1563 61
1146 96
1463 58
1130 52
1323 114
885 112
938 117
1411 93
934 72
1757 107
1066 82
850 82
1891 67
1623 55
1213 94
1135 59
1398 120
1826 109
1905 105
1229 128
1194 95
1142 55
1697 129
1241 124
1412 65
1652 64
1949 107
1244 76
1301 122
906 103
1251 74
1766 112
966 104
1918 75
1978 69
835 57
1866 57
1824 127
1235 69
1239 89
1457 97
1194 71
1641 99
1939 53
1489 97
1073 57
1103 62
1663 54
829 112
1155 61
1670 115
816 83
1904 86
1496 93
1110 114
1041 103
1872 123
946 69
1489 128
1883 65
877 60
1711 115
1733 111
863 127
928 86
1283 55
1320 70
1703 65
1663 121
881 68
1772 79
1707 124
1941 101
1505 77
1706 99
1208 84
988 127
952 88
936 64
1880 111
1108 109
965 62
1493 67
878 121
1402 53
