1130 49
822 43
1192 63
1186 64
1057 30
442 67
886 62
481 62
550 24
1071 20
999 45
1115 39
765 25
583 49
981 39
995 41
769 52
543 68
1168 33
592 41
809 33
734 59
772 63
552 50
517 32
1108 65
566 58
1143 50
800 68
637 42
773 64
502 26
765 39
413 56
1034 42
1158 20
410 57
420 41
410 56
1140 56
1170 29
969 37
768 36
821 51
916 38
432 64
742 27
1096 33
1039 32
614 63
682 48
1145 25
424 25
1185 34
746 64
793 53
703 48
962 35
955 22
1065 50
1008 67
1076 39
715 46
878 25
1165 41
524 64
1124 27
443 40
1126 29
616 65
1098 68
1068 53
1027 58
402 45
761 26
775 51
965 35
1020 36
681 25
411 32
1131 35
1028 51
460 67
482 41
872 30
1007 35
652 21
1152 69
911 27
718 57
1135 30
803 64
1194 34
830 22
693 22
1026 65
539 67
961 61
790 55
640 62
