378 9
379 4
262 8
386 16
164 4
372 12
465 18
142 1
348 16
424 14
423 19
3 0
89 10
135 12
184 19
96 16
259 3
149 0
56 5
336 11
353 8
413 14
148 7
342 12
194 7
360 5
324 7
224 10
77 3
253 17
289 3
417 3
386 4
283 2
155 1
385 18
417 12
0 16
145 19
170 5
260 18
222 13
425 0
466 19
439 14
334 17
275 5
453 18
8 3
90 4
90 16
461 6
52 15
264 11
44 8
174 3
218 6
71 10
108 9
202 14
413 6
170 4
264 12
455 12
56 16
50 6
294 17
353 9
359 9
186 10
9 3
490 2
453 17
394 9
47 16
286 11
377 15
410 9
265 14
475 5
135 3
110 16
356 6
263 16
58 2
34 10
148 3
387 2
276 13
380 18
56 3
220 5
111 18
310 16
294 5
205 17
152 9
67 12
234 17
373 15
