1126 103
1806 114
842 58
979 68
1961 59
1436 114
1727 50
1543 127
1370 82
1820 87
1343 67
1366 69
1159 75
1018 85
1769 75
1320 116
1509 69
1933 83
1514 60
1394 75
1829 67
1493 106
1288 88
1667 59
1762 58
1502 116
1392 68
992 89
1664 110
1517 62
1501 57
1726 89
1884 104
1183 70
1682 62
1398 52
1248 82
1150 124
1164 79
880 66
925 56
1613 101
1970 73
1419 96
1088 72
1961 67
1927 74
1056 75
1087 114
1400 109
1764 53
1300 115
1739 105
1771 125
1840 108
1220 105
1166 64
925 109
1898 116
872 64
908 62
1251 104
1002 100
1442 111
1379 57
1515 79
1749 69
1390 108
972 126
1183 97
1416 66
1457 66
1033 119
1873 80
1226 105
1212 108
1367 98
1486 51
1292 57
1112 119
1835 97
1549 78
1065 81
1001 67
1782 68
1951 59
1272 119
1853 98
1907 80
958 68
1559 126
1420 87
1541 75
1711 101
1743 61
1159 104
1068 60
898 78
1124 63
1898 76
