1143 55
695 34
756 33
947 21
432 36
1097 48
936 33
870 50
982 48
526 33
1159 44
417 32
1179 61
681 27
1017 63
1058 61
1196 43
774 25
542 24
1172 45
560 36
1020 53
435 44
778 63
934 37
685 53
1132 20
835 40
905 31
835 39
729 36
902 22
813 25
498 50
1187 43
1093 66
1152 65
1115 49
429 60
507 36
1036 20
1124 26
405 53
880 63
1009 49
1122 58
850 51
1169 49
749 63
1105 36
885 66
634 36
501 22
1143 57
714 42
622 65
859 22
583 42
566 37
730 21
840 48
1081 43
1176 39
728 33
1088 61
533 55
969 64
743 41
707 29
519 35
1054 39
1173 26
1191 69
457 38
1186 55
599 24
513 37
606 61
926 62
1069 26
411 30
690 45
563 21
673 55
828 51
605 25
604 31
1158 29
933 27
735 47
1039 29
858 38
752 58
451 41
474 54
838 34
753 59
893 49
1127 57
1178 52
