42 16
363 18
109 19
451 7
18 3
449 0
339 9
261 3
172 19
252 4
271 13
397 14
492 11
244 16
21 19
119 8
199 1
169 11
52 11
442 18
112 4
198 9
438 1
339 11
127 12
353 5
195 16
320 12
413 13
340 2
442 17
246 13
78 5
467 8
413 16
278 7
305 5
423 2
289 3
435 5
172 17
480 15
308 0
221 1
440 10
28 19
89 5
132 2
264 17
297 1
63 11
242 13
235 19
254 19
1 12
136 6
476 8
482 19
218 11
158 2
9 14
94 18
314 1
289 12
481 8
147 1
487 11
111 10
372 1
417 5
121 4
339 7
70 16
145 4
406 18
372 3
87 3
52 7
394 6
258 16
112 6
461 4
135 9
301 1
341 15
134 7
9 19
239 6
353 17
455 2
75 8
178 8
180 18
200 15
343 15
255 4
115 15
359 18
346 1
307 1
