1832 87
1774 77
928 53
1257 99
1964 109
1677 120
1936 85
1117 112
1693 102
953 114
1663 67
1748 100
812 122
1232 98
1068 117
884 74
1240 77
1215 86
1035 93
823 55
1366 94
1770 123
1616 100
1798 107
1002 68
804 68
864 96
1342 96
1851 65
833 111
1187 96
1550 55
1218 97
1931 118
1156 124
1095 111
1802 89
1914 89
1662 87
1194 128
1249 74
1258 69
1856 63
1629 121
1525 124
840 114
858 121
822 87
1160 117
1109 126
878 55
1997 95
1292 98
1441 69
1743 83
1838 81
1111 58
1904 106
1108 51
1620 85
944 128
1432 60
1173 101
1871 62
1167 111
1249 100
1260 97
1758 123
1008 109
1795 83
838 60
1461 99
992 74
1899 70
1487 97
1896 102
1806 80
997 115
1065 103
1197 112
875 114
1730 91
997 128
1806 55
1690 94
1828 56
1143 85
1972 106
1616 109
1405 126
1062 60
972 81
1156 112
1891 123
1465 100
1750 65
1024 82
1630 56
1402 118
880 103
