765 47
1183 34
565 24
1081 38
1068 25
1030 46
469 28
605 43
954 24
704 34
1068 59
1115 57
404 39
937 44
904 46
917 58
730 55
510 49
1194 56
916 37
1052 59
864 59
516 58
736 64
894 36
1039 42
634 32
1186 31
1076 41
751 36
994 41
809 56
582 59
550 54
1155 57
1025 41
1101 65
827 20
697 39
573 45
467 36
856 21
975 21
877 68
663 34
617 41
418 58
616 52
1126 62
667 24
964 20
803 52
994 41
797 46
535 68
856 20
895 50
929 61
621 65
640 35
960 23
443 21
718 58
440 54
606 23
736 30
626 30
447 23
961 20
584 30
994 51
534 62
708 22
1005 31
1115 20
670 50
948 56
841 39
778 20
1085 52
465 45
539 59
560 42
1017 42
492 34
1090 32
831 25
602 45
1063 35
1184 57
986 41
684 69
887 50
1111 52
697 46
1114 58
965 32
879 32
674 59
500 57
