386 18
322 8
301 14
213 1
263 12
226 3
454 5
199 9
423 9
56 19
469 3
214 2
461 14
389 5
21 9
6 0
37 17
367 17
5 6
133 5
364 8
159 10
194 13
220 4
16 8
279 2
337 4
316 11
229 16
28 13
99 19
149 6
121 5
416 2
307 9
216 17
209 13
248 7
5 0
226 14
345 2
347 0
287 19
131 10
359 2
145 4
202 16
264 10
492 14
440 5
256 0
168 8
37 12
18 14
85 11
414 5
206 15
85 4
361 3
12 10
414 3
172 12
403 19
9 5
68 11
240 12
492 10
232 6
300 9
472 19
212 3
166 13
192 18
20 15
308 3
60 12
486 4
155 7
278 5
394 6
36 17
16 12
195 10
84 16
210 15
271 18
3 11
136 0
185 4
484 18
295 1
165 11
436 9
3 18
358 8
241 6
165 12
175 2
285 6
280 13
