1774 54
952 81
1079 129
1180 129
1491 66
907 123
1536 122
1603 116
980 64
1262 105
1886 81
1716 111
1896 116
1966 85
1320 72
1285 51
1815 77
1785 66
889 76
1166 103
1866 52
1616 93
1786 66
1127 94
1007 124
1189 126
954 74
1997 68
1316 65
1454 85
1734 77
1836 127
1559 59
1104 79
1952 112
1062 111
1996 106
980 128
1691 65
1050 127
1621 89
916 55
1196 86
1885 100
1051 92
1390 63
1931 99
804 107
1844 83
1920 122
1743 98
1479 60
1818 87
1706 70
821 74
1376 123
1098 122
911 58
1914 74
1369 99
1649 73
1331 103
1963 108
1057 59
1105 91
1805 56
1355 69
1431 67
1130 128
1526 52
1469 113
1485 85
1680 52
1128 89
934 105
869 70
1259 91
1216 96
1244 110
999 52
1586 116
1980 93
1161 76
1737 55
1950 105
1613 78
1015 74
1509 97
1789 58
902 121
1253 54
1590 128
860 103
1114 64
1584 76
1658 73
1707 101
1025 61
1818 109
1793 108
