1072 37
671 42
1126 23
1075 65
716 55
1047 43
1024 54
417 25
1047 43
1023 65
1128 39
888 46
677 66
497 60
837 56
556 48
989 33
843 59
685 25
434 21
982 22
746 45
425 59
706 25
475 63
944 20
437 59
694 54
775 26
927 57
988 50
776 42
969 22
731 51
1151 69
567 36
545 68
492 66
559 42
866 34
640 35
889 45
686 49
682 45
1003 26
1005 31
658 39
596 24
505 51
628 23
482 37
932 26
1072 32
671 62
598 66
515 39
1163 56
987 43
442 31
794 40
790 40
542 22
1035 42
756 62
1135 62
890 27
824 68
927 55
775 53
519 27
770 62
715 45
607 37
733 64
1179 43
1161 49
523 50
406 59
746 66
1196 51
1010 42
880 52
454 28
651 40
875 43
1001 42
630 51
444 24
768 40
673 23
1143 63
954 61
782 29
1147 54
565 39
512 26
515 32
1083 40
463 49
844 52
