413 15
460 8
7 12
77 7
381 7
326 10
167 7
287 6
457 6
486 9
416 13
104 19
314 4
0 17
143 14
1 15
373 10
175 0
107 9
210 1
390 4
375 15
136 17
105 2
163 18
83 2
11 19
135 18
496 6
431 16
71 10
159 8
410 12
112 1
99 9
40 18
446 4
128 18
388 12
236 10
397 7
85 16
288 15
257 9
359 18
143 1
86 9
133 15
318 9
280 1
87 17
487 1
213 16
109 17
196 8
241 17
287 17
303 11
129 16
114 17
143 12
316 11
17 14
42 12
392 9
394 19
88 8
419 3
148 1
436 0
195 16
228 17
146 1
74 5
232 11
237 10
465 16
431 15
124 18
488 11
408 4
478 3
258 3
119 12
189 1
4 17
371 4
97 12
12 9
413 8
410 3
128 4
224 10
176 7
147 0
397 4
294 18
41 10
325 2
465 3
