803 128
1686 79
988 50
1075 76
1907 87
1309 53
947 117
1557 75
853 124
1912 54
1021 72
1905 101
1872 52
1675 69
1184 73
1473 127
838 101
1413 124
1451 54
1353 84
1699 53
1901 68
903 111
1765 110
1101 126
1302 74
1941 55
1918 123
930 109
1325 108
1444 99
1491 105
1966 62
1960 105
1289 104
1666 121
1908 97
918 85
1270 96
1630 127
1842 120
1619 129
1669 118
1495 95
816 102
1826 70
1916 69
1111 82
1390 128
1667 75
905 124
1297 94
1755 63
1756 90
1829 108
834 65
1306 108
1810 111
1155 71
1794 55
1788 83
1055 104
1263 83
1489 62
1019 80
1562 101
1056 53
1468 121
1370 84
1588 57
968 54
1463 89
1800 96
1831 87
1808 97
1217 85
1275 103
1223 101
1551 66
1269 51
1687 96
1778 107
1538 120
1605 124
1159 82
1281 101
1970 51
1567 59
928 54
1863 124
1603 54
1354 62
1762 72
1982 65
1889 69
1447 115
968 70
831 66
1986 56
1186 108
