442 50
766 22
825 27
520 47
867 34
1165 68
1014 35
605 57
908 34
469 23
897 21
919 22
738 41
1090 27
724 48
435 50
414 44
408 58
1045 39
589 37
994 28
405 41
561 50
982 30
985 44
529 44
1059 64
412 34
761 46
542 68
876 28
807 53
865 57
1065 69
1146 65
823 40
1117 65
985 63
419 67
681 64
1087 68
845 67
904 24
1137 28
421 27
448 35
532 69
607 55
536 45
870 32
1053 54
828 40
424 37
430 29
1023 29
1131 43
690 54
1119 69
1093 34
682 44
572 67
1181 51
578 21
912 52
1109 22
610 58
1009 27
558 66
471 31
1031 49
570 27
624 20
711 46
890 52
558 49
635 45
1009 62
775 23
456 36
558 43
750 65
1010 49
1195 42
1155 58
831 41
984 50
584 57
428 29
976 52
1075 42
663 37
1112 54
1176 67
437 21
986 55
621 52
1109 31
521 27
735 25
909 28
